ap clean 
defina :prefix [[] [.]]
fim

ap dump :endi :endf
se :endi > :endf [pare]
atr "dec .examine :endi
defina :prefix 
 lista 
  [] 
  sn 
   elemento 
    2 
    texto 
     :prefix 
   :dec
esc ( sn :endi 
         car :dec 
         :dec )
dump :endi + 1 :endf
fim

ap env 
atr "prefix "img
atr "begin  16384
atr "size   32768
atr "n      32
fim

ap grave 
env
el :prefix
elns
eliminearq "logodump
gravetudo  "logodump
fim

ap img 
. 205 6 4 205 50 112 32 251 35 16 248 209 62 6 205 147 0 209 60 205 46 112 205 46 112 205 46 112 225 125 50 105 205 62 199 33 101 205 166 119 95 62 7 195 147 0 60 195 147 0 229 205 224 90 225 126 183 201 205 20 135 197 205 5 135 197 205 202 134 197 205 243 134 33 102 205 6 0 9 229 245 205 50 112 32 251 33 105 205 126 183 32 252 241 33 101 205 47 166 119 95 62 7 205 147 0 121 203 39 225 209 205 147 0 90 205 46 112 209 121 198 8 205 147 0 209 115 201 205 208 132 42 19 204 229 205 190 83 32 8 225 205 185 83 32 244 24 121 225 34 41 204 84 93 237 83 17 204 213 205 150 83 237 83 19 204 209 32 16 205 145 83 237 75 21 204 205 78 83 98 107 32 225 40 81 205 149 133 237 91 17 204 32 56 213 205 226 94 209 237 83 61 204 237 83 17 204 42 19 204 205 210 83 205 134 82 229 205 190 83 205 229 82 225 205 185 83 40 21 205 145 83 237 75 21 204 205 78 83 237 75 61 204 205 39 83 237 91 21 204 237 83 21 204 205 145 83 237 83 19 204 42 19 204 32 142 42 41 204 34 19 204 195 52 111 205 179 133 237 83 41 204 213 245 205 234 133 120 177 202 87 178 241 225 34 19 204 40 29 197 205 107 133 205 102 172 205 164 172 193 197 205 113 172 32 35 193 11 120 177 32 244 205 177 172 195 201 111 34 21 204 124 181 40 16 11 120 177 32 6 34 19 204 195 217 111 205 185 83 32 240 42 41 204 34 19 204 195 93 178 205 8 133 237 83 47 204 205 37 96 194 128 113 237 91 47 204 237 83 19 204 195 87 178 205 226 94 237 75 19 204 237 67 49 204 237 75 19 204 120 177 40 46 205 105 83 237 67 21 204 42 19 204 62 8 205 156 82 205 251 82 205 37 94 237 75 21 204 42 19 204 205 61 83 237 67 19 204 1 0 0 42 17 204 205 61 83 24 202 237 75 47 204 237 67 19 204 205 100 96 205 226 94 205 123 94 205 170 136 237 75 19 204 42 21 204 205 251 82 237 75 49 204 205 61 83 34 19 204 205 103 171 195 52 111 237 75 15 204 120 177 237 67 19 204 40 26 205 133 83 254 4 202 87 178 205 110 83 237 67 19 204 205 11 133 237 75 19 204 237 67 47 204 205 217 96 205 204 91 32 9 205 17 92 205 80 93 195 150 125 120 177 202 87 178 237 75 15 204 237 67 19 204 205 58 94 1 0 0 237 67 15 204 237 67 45 204 1 0 0 237 67 19 204 205 61 101 237 75 19 204 205 110 83 42 213 203 205 199 96 40 9 205 107 95 58 61 203 183 40 222 205 62 171 42 25 204 124 181 192 205 247 99 195 66 178 205 172 133 122 179 200 237 83 41 204 205 139 136 205 205 143 237 91 41 204 237 83 19 204 205 124 136 237 75 219 203 205 133 83 254 63 42 221 203 32 7 33 0 0 229 229 24 48 197 229 205 39 82 62 42 205 156 82 193 80 89 205 145 83 205 110 83 205 251 82 34 221 203 237 83 39 204 193 80 89 205 145 83 205 110 83 237 67 219 203 213 237 91 39 204 213 42 33 204 205 190 83 205 203 107 58 71 204 183 225 193 40 10 205 241 114 33 0 0 34 15 204 201 124 181 32 177 205 20 137 205 174 143 195 20 137 205 172 133 175 178 202 234 133 205 139 136 237 75 19 204 237 67 15 204 205 124 136 205 234 133 42 15 204 120 177 202 67 115 34 15 204 229 11 197 205 206 107 58 71 204 183 40 21 193 225 42 33 204 205 185 83 205 185 83 34 33 204 33 0 0 34 15 204 201 193 225 24 211 205 20 137 195 20 137 205 23 134 32 14 42 19 204 205 154 144 34 221 203 237 67 219 203 201 237 75 19 204 205 133 83 254 8 194 87 178 205 226 94 205 103 136 42 19 204 229 205 151 144 34 45 204 34 41 204 225 205 251 82 205 185 83 32 23 237 75 45 204 237 67 221 203 205 186 136 237 83 219 203 1 0 0 237 67 45 204 201 229 205 151 144 237 91 41 204 235 205 83 83 237 83 41 204 24 206 205 182 148 205 251 148 33 4 205 205 168 157 237 67 193 204 33 19 205 205 168 157 237 67 195 204 58 162 204 183 32 8 205 125 119 58 96 204 183 200 205 92 150 126 50 197 204 35 126 50 198 204 42 193 204 17 255 0 205 63 149 34 193 204 42 195 204 17 191 0 205 63 149 34 195 204 62 255 50 96 204 205 150
fim

ap tudo 
tat
dt
mudecf 1
env
atr "block :size / :n
atr "i     0
repita :n 
[
 clean 
 atr "endi 
  :begin + :i * :block 
 atr "endf 
  :endi + :block - 1 
 dump :endi :endf 
 se :i < 10 
  [atr "si pal "0 :i] [] 
 se :i < 100 
  [atr "si pal "00 :i] [] 
 atr "file pal :prefix :si 
 esc sn "Saving :file 
 gravetudo :file 
 atr "i :i + 1]
fim

atribua "begin 16384
atribua "block 1024
atribua "dec 150
atribua "endf 29695
atribua "endi 28672
atribua "file "img0012
atribua "i 12
atribua "n 32
atribua "prefix "img
atribua "si "0012
atribua "size 32768

                                                                         
