ap clean 
defina :prefix [[] [.]]
fim

ap dump :endi :endf
se :endi > :endf [pare]
atr "dec .examine :endi
defina :prefix 
 lista 
  [] 
  sn 
   elemento 
    2 
    texto 
     :prefix 
   :dec
esc ( sn :endi 
         car :dec 
         :dec )
dump :endi + 1 :endf
fim

ap env 
atr "prefix "img
atr "begin  16384
atr "size   32768
atr "n      32
fim

ap grave 
env
el :prefix
elns
eliminearq "logodump
gravetudo  "logodump
fim

ap img 
. 201 205 251 133 126 254 136 56 23 194 87 178 229 43 126 203 191 167 194 87 178 43 182 194 87 178 43 182 194 87 178 225 17 116 165 195 189 154 205 186 136 205 179 136 205 103 136 195 97 136 213 197 205 69 82 193 205 251 82 209 235 78 115 35 70 114 195 56 83 237 75 67 204 17 35 204 205 50 136 62 32 237 91 35 204 195 134 82 237 75 23 204 17 37 204 24 209 237 75 17 204 24 10 237 75 19 204 24 4 237 75 21 204 17 31 204 24 188 237 75 17 204 24 10 237 75 19 204 24 4 237 75 21 204 17 33 204 24 167 237 75 15 204 205 134 136 237 75 33 204 62 11 195 145 82 205 39 82 34 17 204 201 205 39 82 34 19 204 235 201 205 39 82 34 21 204 68 77 201 205 205 136 34 17 204 201 205 205 136 34 19 204 235 195 173 83 205 205 136 34 21 204 68 77 201 42 31 204 205 39 137 237 83 31 204 24 28 42 37 204 205 39 137 34 23 204 237 83 37 204 24 13 42 35 204 205 39 137 34 67 204 237 83 35 204 120 177 200 237 91 94 203 205 78 83 237 67 94 203 237 91 92 203 19 237 83 92 203 201 205 27 137 34 21 204 201 205 27 137 34 15 204 201 42 33 204 205 39 137 237 83 33 204 24 206 84 93 68 77 205 190 83 205 145 83 201 33 9 212 6 0 62 32 119 35 16 252 201 205 50 137 205 180 137 34 220 211 229 205 225 0 225 6 0 205 105 137 56 14 254 26 40 10 119 35 34 218 211 16 240 195 231 0 62 255 50 213 211 195 231 0 229 197 213 205 228 0 209 193 225 201 205 225 0 218 223 137 33 9 212 6 6 205 105 137 56 4 119 35 16 247 205 231 0 33 9 212 17 3 212 6 6 26 190 19 35 32 219 16 248 201 175 205 234 0 218 223 137 33 9 212 6 0 126 205 213 137 35 16 249 205 240 0 205 50 137 33 9 212 34 218 211 201 205 236 137 62 255 205 234 0 218 223 137 33 3 212 6 6 126 205 213 137 35 16 249 195 240 0 229 197 213 205 237 0 209 193 225 208 175 205 243 0 205 32 92 205 252 91 195 81 178 205 112 133 205 212 95 6 6 17 3 212 124 181 62 32 40 6 205 48 168 221 43 43 18 19 16 240 201 205 0 140 205 19 140 205 55 139 205 122 139 200 205 245 138 42 106 204 237 75 108 204 237 91 98 204 203 81 196 102 138 35 203 73 196 102 138 35 203 65 196 102 138 35 237 83 98 204 217 205 202 138 217 16 223 58 105 204 183 200 205 3 139 205 0 140 6 16 33 111 204 35 126 217 235 205 89 161 235 217 35 126 35 217 205 89 161 19 35 217 16 235 201 58 105 204 183 40 59 217 42 98 204 125 230 248 183 40 41 205 197 119 58 177 204 230 15 87 175 8 121 203 63 203 63 203 63 203 63 186 40 3 8 120 8 121 230 15 40 9 186 40 6 120 47 71 8 168 8 8 245 205 191 138 217 241 119 201 126 217 205 177 138 205 191 138 217 201 167 200 50 97 204 205 197 119 205 90 119 195 77 119 58 98 204 198 8 50 98 204 195 197 119 58 98 204 60 50 98 204 230 7 40 7 42 102 204 35 195 253 119 42 98 204 125 214 8 111 124 60 103 34 98 204 254 24 218 197 119 175 50 99 204 195 197 119 205 125 119 58 97 204 50 110 204 58 105 204 183 192 6 16 33 111 204 78 35 86 35 94 58 105 204 183 58 110 204 40 12 203 57 203 26 203 27 203 63 48 246 24 10 203 35 203 18 203 17 203 63 48 246 115 43 114 43 113 35 35 35 16 210 201 205 97 150 17 193 204 1 6 0 237 176 58 198 204 205 108 135 50 198 204 42 193 204 237 91 195 204 58 162 204 183 32 10 1 248 255 9 3 235 9 235 24 16 125 214 8 111 123 254 7 48 4 198 185 24 2 214 7 95 237 83 195 204 34 193 204 201 58 162 204 183 40 17 33 111 204 34 106 204 62 7 50 108 204 62 16 50 109 204 201 42 193 204 17 8 0 14 0 6 3 124 167 32 3 55 24 1 183 203 17 25 16 243 121 50 108 204 167 200 203 87 32 12 203 79 17 248 255 40 1 25 25 34 193 204 175 50 104 204 42 195 204 17 111 204 6 16 14 0 205 240 139 32 19 58 104 204 183 32 12 34 195 204 237 83 106 204 62 255 50 104 204 12 35 19 19 19 16 226 121 50 109 204 167 201 124 183 192 125 254 192 48 4 62 0 167 201 62 1 167 201
fim

ap tudo 
tat
dt
mudecf 1
env
atr "block :size / :n
atr "i     0
repita :n 
[
 clean 
 atr "endi 
  :begin + :i * :block 
 atr "endf 
  :endi + :block - 1 
 dump :endi :endf 
 se :i < 10 
  [atr "si pal "0 :i] [] 
 se :i < 100 
  [atr "si pal "00 :i] [] 
 atr "file pal :prefix :si 
 esc sn "Saving :file 
 gravetudo :file 
 atr "i :i + 1]
fim

atribua "begin 16384
atribua "block 1024
atribua "dec 201
atribua "endf 35839
atribua "endi 34816
atribua "file "img0018
atribua "i 18
atribua "n 32
atribua "prefix "img
atribua "si "0018
atribua "size 32768

            
