ap clean 
defina :prefix [[] [.]]
fim

ap dump :endi :endf
se :endi > :endf [pare]
atr "dec .examine :endi
defina :prefix 
 lista 
  [] 
  sn 
   elemento 
    2 
    texto 
     :prefix 
   :dec
esc ( sn :endi 
         car :dec 
         :dec )
dump :endi + 1 :endf
fim

ap env 
atr "prefix "img
atr "begin  16384
atr "size   32768
atr "n      32
fim

ap grave 
env
el :prefix
elns
eliminearq "logodump
gravetudo  "logodump
fim

ap img 
. 42 207 205 17 46 0 25 126 205 84 151 1 16 0 84 93 9 217 201 33 111 204 58 105 204 183 40 8 6 48 54 0 35 16 251 201 6 16 217 235 205 95 161 235 217 54 0 35 119 35 217 205 95 161 19 35 217 119 35 16 233 201 205 92 150 126 254 128 200 50 197 204 183 32 5 50 196 211 24 7 35 126 230 15 50 196 211 205 173 150 202 99 178 58 193 204 254 9 216 254 255 200 205 196 150 33 201 204 119 58 177 204 230 15 190 32 27 58 196 211 183 200 58 196 211 190 200 203 39 203 39 203 39 203 39 33 196 211 182 50 198 204 24 11 58 197 204 254 1 32 227 175 50 198 204 33 20 193 175 119 35 119 35 119 33 255 255 229 229 33 255 15 34 199 204 175 50 241 204 58 193 204 50 237 204 111 58 195 204 50 240 204 103 205 179 141 125 50 238 204 58 237 204 111 205 209 141 42 238 204 229 58 240 204 95 62 255 87 213 42 238 204 34 242 204 58 241 204 167 58 240 204 50 244 204 40 10 254 191 40 45 60 50 240 204 24 8 254 2 56 35 61 50 240 204 42 242 204 58 240 204 103 205 179 141 125 50 238 204 253 33 243 204 253 190 0 56 27 32 6 58 236 204 183 40 19 209 237 83 240 204 225 1 255 255 205 199 96 200 34 238 204 195 219 140 58 242 204 79 58 238 204 185 48 2 121 111 205 209 141 58 242 204 111 58 238 204 189 48 31 58 244 204 103 205 48 142 58 238 204 189 48 18 79 125 71 58 240 204 111 58 241 204 238 255 103 205 230 141 197 229 58 239 204 111 58 243 204 189 48 37 111 58 244 204 103 205 8 142 58 241 204 238 255 87 58 240 204 95 58 239 204 189 218 219 140 202 219 140 103 205 230 141 229 213 195 219 140 202 219 140 58 239 204 111 58 240 204 103 205 8 142 58 241 204 87 58 244 204 95 58 243 204 24 213 175 50 236 204 205 116 142 194 8 142 120 163 32 14 62 8 189 208 45 203 35 48 243 205 95 142 40 242 44 201 205 116 142 194 48 142 205 219 142 45 125 254 8 48 2 62 143 50 239 204 201 229 42 199 204 43 34 199 204 124 181 202 2 142 33 20 193 175 182 32 8 35 182 32 4 35 182 225 200 49 0 197 195 78 178 44 40 28 205 116 142 200 250 30 142 44 40 18 203 59 56 242 123 160 200 24 244 44 40 6 203 59 56 230 24 247 62 255 50 236 204 62 255 111 201 45 40 28 205 116 142 200 250 70 142 45 40 18 203 35 56 242 123 160 200 24 244 45 40 6 203 35 56 230 24 247 62 8 111 201 229 42 98 204 125 198 8 111 62 128 24 10 229 42 98 204 125 214 8 111 62 1 50 97 204 34 98 204 205 197 119 24 12 229 125 50 193 204 124 50 195 204 205 150 119 58 97 204 95 33 201 204 121 230 15 87 121 203 63 203 63 203 63 203 63 186 32 2 175 71 121 230 15 32 8 182 40 8 58 177 204 230 15 190 32 3 120 24 40 175 203 57 31 203 57 31 203 57 31 203 57 31 8 121 183 32 8 182 40 13 58 177 204 230 15 190 40 5 62 255 225 167 201 8 177 79 120 47 71 225 163 200 62 1 167 201 175 50 235 204 58 240 204 103 58 238 204 111 205 116 142 192 24 4 205 83 142 192 62 255 87 120 167 32 18 125 254 8 216 198 8 111 58 234 204 183 194 45 143 229 195 126 143 123 17 0 0 160 58 97 204 40 7 62 255 50 235 204 24 18 178 87 28 44 62 8 189 208 58 97 204 203 63 50 97 204 48 225 229 58 234 204 183 40 36 253 33 98 204 175 253 203 0 94 40 2 62 16 8 124 230 15 95 8 131 33 202 204 133 111 48 1 36 126 162 176 184 40 54 24 26 197 33 0 0 120 6 8 203 39 56 1 44 16 249 193 62 8 149 103 125 147 188 56 14 122 176 71 121 230 15 79 58 198 204 230 240 24 9 121 230 240 79 58 198 204 230 15 177 79 205 77 119 225 58 235 204 183 202 237 142 201 42 207 205 17 46 0 25 126 205 84 151 17 202 204 6 32 205 95 161 18 35 19 16 248 201 42 33 204 229 205 185 83 34 33 204 193 205 110 83 80 89 205 110 83 237 67 221 203 205 145 83 237 83 219 203 201 205 39 82 237 75 221 203 237 91 219 203 205 251 82 205 83 83 34 19 204 205 124 136 62 9 42 33 204 195 156 82 17 0 0 237 83 17 204 30 30 213 205 97 136 209 213 27 205 164 158 205
fim

ap tudo 
tat
dt
mudecf 1
env
atr "block :size / :n
atr "i     0
repita :n 
[
 clean 
 atr "endi 
  :begin + :i * :block 
 atr "endf 
  :endi + :block - 1 
 dump :endi :endf 
 se :i < 10 
  [atr "si pal "0 :i] [] 
 se :i < 100 
  [atr "si pal "00 :i] [] 
 atr "file pal :prefix :si 
 esc sn "Saving :file 
 gravetudo :file 
 atr "i :i + 1]
fim

atribua "begin 16384
atribua "block 1024
atribua "dec 205
atribua "endf 36863
atribua "endi 35840
atribua "file "img0019
atribua "i 19
atribua "n 32
atribua "prefix "img
atribua "si "0019
atribua "size 32768

                                                                                                             
