ap clean 
defina :prefix [[] [.]]
fim

ap dump :endi :endf
se :endi > :endf [pare]
atr "dec .examine :endi
defina :prefix 
 lista 
  [] 
  sn 
   elemento 
    2 
    texto 
     :prefix 
   :dec
esc ( sn :endi 
         car :dec 
         :dec )
dump :endi + 1 :endf
fim

ap env 
atr "prefix "img
atr "begin  16384
atr "size   32768
atr "n      32
fim

ap grave 
env
el :prefix
elns
eliminearq "logodump
gravetudo  "logodump
fim

ap img 
. 0 0 0 3 39 63 15 15 31 31 15 7 4 6 0 0 0 48 32 192 238 254 254 240 112 252 228 192 0 0 0 0 0 0 64 111 31 63 63 127 127 63 63 31 111 64 0 0 0 0 32 96 192 192 236 254 126 236 192 192 96 32 0 0 114 197 58 21 197 33 0 64 205 36 0 33 0 64 58 23 197 205 36 0 33 0 128 58 23 197 205 36 0 58 5 197 211 168 251 49 0 197 195 211 77 254 254 254 254 254 254 254 254 0 0 0 0 0 0 0 0 0 126 126 126 126 126 126 0 0 0 0 0 0 0 0 0 0 0 4 2 127 2 4 0 0 8 4 126 127 126 4 8 240 240 240 240 240 240 240 240 240 240 240 240 240 240 240 240 241 241 241 241 241 241 241 241 241 241 241 241 241 241 241 241 15 15 47 63 15 15 7 0 0 0 0 0 128 156 220 252 240 248 254 112 240 240 224 128 192 0 0 0 1 0 1 7 47 63 15 15 15 7 3 2 3 0 0 0 128 128 206 254 254 240 240 112 252 228 128 0 0 0 0 0 0 0 3 39 63 15 15 31 31 15 7 0 1 1 2 1 2 2 3 1 2 2 3 2 3 3 4 1 2 2 3 2 3 3 4 2 3 3 4 3 4 4 5 1 2 2 3 2 3 3 4 2 3 3 4 3 4 4 5 2 3 3 4 3 4 4 5 3 4 4 5 4 5 5 6 29 28 30 31 19 4 23 8 3 20 7 24 63 63 63 63 63 63 63 63 63 63 63 216 99 122 90 145 0 0 0 52 137 0 0 0 0 137 0 0 0 64 136 136 136 136 8 124 0 0 0 0 125 0 0 0 0 133 136 136 136 8 125 0 0 0 0 128 0 0 0 0 136 0 0 0 64 135 128 0 96 0 2 255 144 79 0 0 0 0 0 233 85 248 14 123 133 196 242 14 124 56 58 94 86 124 83 123 220 14 125 203 181 126 50 125 210 4 19 86 125 87 162 150 121 125 182 100 131 14 126 62 91 48 32 126 249 211 208 49 126 249 110 99 67 126 104 205 230 84 126 195 145 89 102 126 159 95 186 119 126 21 238 131 4 127 246 86 32 2 127 137 190 177 21 127 200 121 55 30 127 143 222 128 38 127 190 67 29 47 127 22 1 124 55 127 153 111 204 63 127 51 233 13 72 127 35 201 63 80 127 216 107 97 88 127 239 184 109 96 127 130 113 113 104 127 199 147 94 112 127 152 247 56 120 127 0 0 0 0 128 31 137 217 3 128 12 202 168 7 128 211 118 109 11 128 53 68 39 15 128 217 231 213 18 128 57 24 121 22 128 181 140 16 26 128 160 253 155 29 128 54 36 27 33 128 162 186 141 36 128 25 124 243 39 128 196 36 76 43 128 215 113 151 46 128 145 33 213 49 128 58 243 4 53 128 63 167 38 56 128 9 255 57 59 128 66 189 62 62 128 162 165 52 65 128 19 125 27 68 128 163 9 243 70 128 155 18 187 73 128 115 96 115 76 128 213 188 27 79 128 192 242 179 81 128 106 206 59 84 128 63 29 179 86 128 202 173 25 89 128 242 80 111 91 128 66 215 179 93 128 15 9 231 95 128 131 218 8 98 128 240 0 25 100 128 224 93 23 102 128 146 201 3 104 128 138 29 222 105 128 213 52 166 107 128 226 235 91 109 128 139 32 255 110 128 45 178 143 112 128 127 129 13 114 128 184 112 120 115 128 144 99 208 116 128 56 63 21 118 128 5 234 70 119 128 26 77 101 120 128 35 81 112 121 128 170 225 103 122 128 91 235 75 123 128 111 92 28 124 128 165 36 217 124 128 75 53 130 125 128 40 129 23 126 128 152 252 152 126 128 141 157 6 127 128 120 91 96 127 128 85 47 166 127 128 189 19 216 127 128 192 4 246 127 128 0 0 0 0 129 205 204 204 12 129 0 0 0 48 129 205 204 204 76 125 0 0 0 32 132 0 0 0 0 139 0 0 0 7 137 0 0 0 52 136 0 0 0 52 135 0 0 0 0 0 0 0 0 0 142 192 230 246 127 154 200 140 4 0 103 0 0 192 98 138 36 95 174 42 123 215 53 90 174 125 223 225 118 56 126 29 4 29 169 127 219 55 247 127 128 154 224 46 101 134 92 13 9 32 91 93 40 41 43 45 42 47 61 60 62 0 0 250 191 0 0 250 191 0 0 42 149 203 34 199 203 42 151 203 34 201 203 42 191 203 34 203 203 42 197 203 34 205 203 42 165 203 34 207 203 42 163 203 34 209 203 42 163 203 34 211 203 42
fim

ap tudo 
tat
dt
mudecf 1
env
atr "block :size / :n
atr "i     0
repita :n 
[
 clean 
 atr "endi 
  :begin + :i * :block 
 atr "endf 
  :endi + :block - 1 
 dump :endi :endf 
 se :i < 10 
  [atr "si pal "0 :i] [] 
 se :i < 100 
  [atr "si pal "00 :i] [] 
 atr "file pal :prefix :si 
 esc sn "Saving :file 
 gravetudo :file 
 atr "i :i + 1]
fim

atribua "begin 16384
atribua "block 1024
atribua "dec 42
atribua "endf 43007
atribua "endi 41984
atribua "file "img0025
atribua "i 25
atribua "n 32
atribua "prefix "img
atribua "si "0025
atribua "size 32768

                      
