ap clean 
defina :prefix [[] [.]]
fim

ap dump :endi :endf
se :endi > :endf [pare]
atr "dec .examine :endi
defina :prefix 
 lista 
  [] 
  sn 
   elemento 
    2 
    texto 
     :prefix 
   :dec
esc ( sn :endi 
         car :dec 
         :dec )
dump :endi + 1 :endf
fim

ap env 
atr "prefix "img
atr "begin  16384
atr "size   32768
atr "n      32
fim

ap grave 
env
el :prefix
elns
eliminearq "logodump
gravetudo  "logodump
fim

ap img 
. 119 205 90 119 195 77 119 205 167 95 202 25 111 237 75 15 204 205 133 83 254 8 32 15 205 110 83 237 67 19 204 254 49 40 43 254 50 40 39 205 217 136 205 232 136 205 69 136 62 128 50 68 204 205 177 105 205 167 95 194 102 178 58 68 204 245 205 232 136 241 203 127 202 25 111 195 61 111 205 217 96 237 75 19 204 237 67 23 204 33 0 0 34 21 204 205 130 136 42 33 204 62 1 205 156 82 205 167 95 40 58 62 1 50 67 204 205 177 105 205 186 136 205 155 136 237 75 17 204 42 19 204 205 224 82 42 33 204 34 21 204 205 190 83 32 8 42 21 204 205 251 82 24 208 68 77 205 185 83 32 249 42 17 204 205 39 83 24 193 205 13 137 42 21 204 34 19 204 205 103 136 237 75 23 204 237 67 19 204 205 37 96 221 233 205 172 133 237 75 19 204 120 177 202 25 111 205 232 136 205 69 136 205 217 136 175 50 68 204 58 67 204 183 40 32 205 139 136 237 75 19 204 237 67 15 204 205 177 105 237 75 15 204 237 67 19 204 120 177 194 108 178 205 20 137 24 3 205 137 105 58 68 204 245 205 232 136 33 68 204 203 190 241 203 127 200 203 254 201 205 30 93 205 157 168 33 250 191 205 199 96 200 62 255 50 68 203 205 49 117 175 50 68 203 201 197 205 69 178 205 155 171 205 165 100 193 205 66 117 195 177 100 237 67 19 204 205 133 83 202 234 99 254 63 202 247 99 205 149 133 202 234 99 205 181 100 195 155 171 6 14 33 223 203 175 197 245 229 203 39 203 39 50 51 205 205 127 88 40 6 205 57 178 205 105 88 225 241 193 35 35 60 16 227 6 10 33 251 203 17 76 205 197 26 50 50 205 19 26 213 229 50 51 205 254 255 40 23 205 127 88 40 18 205 60 178 205 103 136 58 50 205 205 89 88 205 186 136 205 105 88 225 209 19 35 35 193 16 209 201 33 223 203 6 28 175 119 35 16 252 62 128 50 96 205 6 20 33 76 205 17 251 203 175 18 126 254 255 40 14 229 213 197 205 211 152 203 182 193 209 225 62 255 119 35 19 16 231 58 96 205 230 128 50 96 205 201 205 30 93 205 176 168 120 177 200 62 255 50 68 203 197 205 48 178 205 155 171 205 165 100 205 170 97 193 197 205 110 83 237 67 19 204 205 66 117 205 165 100 193 205 105 83 197 205 110 83 42 21 204 229 205 66 117 205 177 100 225 34 21 204 205 170 97 193 175 50 68 203 205 105 83 24 187 197 229 33 75 203 229 35 205 175 118 225 54 0 225 193 201 197 229 33 75 203 54 255 35 205 185 118 225 193 201 197 213 235 33 75 203 54 255 229 35 229 205 185 118 235 62 4 205 215 121 17 0 56 25 235 225 229 35 35 35 115 35 114 225 205 175 118 225 54 0 209 193 201 229 33 75 203 54 255 35 126 254 128 32 2 54 0 43 54 0 225 201 197 229 33 75 203 54 255 35 229 205 185 118 225 54 128 43 54 0 225 193 201 126 254 127 192 243 205 136 84 251 201 126 254 127 192 243 205 156 84 251 201 54 255 35 54 128 35 115 35 115 35 35 35 35 114 201 42 179 204 237 91 193 204 205 201 121 68 77 8 42 181 204 237 91 195 204 205 201 121 246 4 205 199 96 56 4 197 227 193 8 17 193 121 229 111 38 0 25 126 35 102 111 229 253 225 8 111 8 38 0 25 126 35 102 111 229 221 225 209 197 96 105 203 60 203 29 56 6 8 230 2 40 1 43 217 205 125 119 58 96 204 183 196 90 119 217 227 124 181 40 21 43 227 217 205 118 120 217 183 237 82 217 48 230 217 9 217 205 120 120 24 222 225 217 58 96 204 183 200 243 237 91 98 204 42 102 204 205 116 87 251 201 58 98 204 230 248 200 58 197 204 183 248 58 95 204 183 204 10 120 58 97 204 42 100 204 233 47 160 71 201 176 71 201 168 71 201 175 50 96 204 58 194 204 183 192 58 196 204 183 192 58 195 204 254 192 208 62 255 50 96 204 58 197 204 183 32 3 50 198 204 58 195 204 103 203 60 203 60 203 60 230 7 111 58 193 204 245 230 248 181 111 34 98 204 241 230 7 71 62 128 40 3 31 16 253 50 97 204 42 98 204 125 230 7 203 60 203 29 203 60 203 29 203 60 203 29 229 17 26 199 25 110 38 0 41 41 41 133 111 237 91 4 0 25 227 203 60 203 29 203 60 203 29 203 60 203 29 17 186 197 25 54 255 225 34 102 204
fim

ap tudo 
tat
dt
mudecf 1
env
atr "block :size / :n
atr "i     0
repita :n 
[
 clean 
 atr "endi 
  :begin + :i * :block 
 atr "endf 
  :endi + :block - 1 
 dump :endi :endf 
 se :i < 10 
  [atr "si pal "0 :i] [] 
 se :i < 100 
  [atr "si pal "00 :i] [] 
 atr "file pal :prefix :si 
 esc sn "Saving :file 
 gravetudo :file 
 atr "i :i + 1]
fim

atribua "begin 16384
atribua "block 1024
atribua "dec 204
atribua "endf 30719
atribua "endi 29696
atribua "file "img0013
atribua "i 13
atribua "n 32
atribua "prefix "img
atribua "si "0013
atribua "size 32768

                                                 
