ap clean 
defina :prefix [[] [.]]
fim

ap dump :endi :endf
se :endi > :endf [pare]
atr "dec .examine :endi
defina :prefix 
 lista 
  [] 
  sn 
   elemento 
    2 
    texto 
     :prefix 
   :dec
esc ( sn :endi 
         car :dec 
         :dec )
dump :endi + 1 :endf
fim

ap env 
atr "prefix "img
atr "begin  16384
atr "size   32768
atr "n      32
fim

ap grave 
env
el :prefix
elns
eliminearq "logodump
gravetudo  "logodump
fim

ap img 
. 144 1 5 0 197 235 237 184 193 9 235 9 201 1 5 0 197 237 184 235 24 242 213 17 195 211 205 13 152 209 201 229 33 183 211 24 4 229 33 190 211 205 1 152 225 201 229 33 190 211 205 13 152 225 201 213 17 195 211 205 1 152 209 201 33 190 211 17 183 211 195 13 152 175 203 21 203 20 203 17 203 16 201 55 201 122 179 32 5 120 177 202 123 153 203 122 40 30 229 33 0 0 229 229 237 66 68 77 225 237 82 84 93 225 35 9 68 77 235 17 0 0 237 90 235 225 203 250 122 8 62 144 203 186 61 203 33 203 16 203 19 203 18 203 122 40 243 8 203 127 32 2 203 186 8 119 195 45 153 229 1 0 0 126 167 40 36 8 43 126 95 8 43 70 43 78 43 86 203 251 103 62 136 148 203 59 203 24 203 25 203 26 61 32 245 8 203 127 40 2 203 251 123 17 0 0 225 201 58 178 204 33 111 205 203 63 79 203 63 129 133 111 208 36 201 17 142 167 33 202 211 205 189 154 17 147 167 205 196 156 17 174 211 205 13 152 33 152 167 235 195 189 154 52 202 214 154 23 48 16 12 32 13 4 32 10 28 32 7 20 32 4 52 202 214 154 58 143 211 203 18 23 203 26 205 45 153 183 201 205 116 153 78 35 70 35 94 35 86 35 201 43 114 43 115 43 112 43 113 1 4 0 9 201 43 27 70 26 79 168 50 143 211 203 248 121 18 203 255 50 197 211 112 35 19 70 26 79 201 6 32 203 122 32 10 203 37 203 20 203 19 203 18 16 242 203 186 201 27 26 50 197 211 19 201 43 203 126 203 190 35 201 43 43 43 43 201 225 209 229 6 5 54 0 43 16 251 225 183 201 62 129 18 213 175 6 4 27 18 16 252 209 201 205 102 153 238 128 50 197 211 24 15 213 17 183 211 205 134 153 205 169 153 209 201 205 102 153 213 229 26 79 126 145 56 13 235 205 33 153 245 58 197 211 87 102 241 24 36 213 205 33 153 237 83 184 211 209 245 126 8 229 197 1 5 0 235 237 184 193 225 43 58 197 211 119 8 103 237 91 184 211 241 237 68 188 32 3 225 209 201 8 225 229 43 126 50 143 211 170 8 203 254 203 250 46 0 103 203 60 203 60 203 60 40 9 105 72 67 90 22 0 37 32 247 230 7 40 13 203 58 203 27 203 24 203 25 203 29 61 32 243 8 125 225 250 82 154 50 196 211 205 116 153 126 129 79 35 126 136 71 35 126 139 95 35 126 138 87 35 58 196 211 48 14 203 26 203 27 203 24 203 25 31 205 253 152 24 3 205 1 153 209 201 237 68 245 205 116 153 126 153 79 35 126 152 71 35 126 155 95 35 126 154 87 35 48 30 58 143 211 238 128 50 143 211 241 229 111 175 149 33 0 0 237 66 68 77 33 0 0 237 82 84 93 225 24 1 241 229 102 111 122 183 32 32 83 88 65 77 46 0 124 214 8 103 202 121 153 48 237 195 121 153 37 202 121 153 203 37 203 17 203 16 203 19 203 18 242 162 154 124 203 21 225 119 205 2 153 209 201 205 58 153 120 183 202 123 153 121 183 202 123 153 128 48 24 214 129 250 234 154 254 127 40 20 58 136 203 183 202 75 178 62 255 50 135 203 225 225 201 214 129 218 123 153 119 213 213 253 225 229 229 221 225 1 0 0 80 89 221 126 252 205 35 155 221 126 253 205 35 155 221 126 254 205 35 155 221 126 255 205 35 155 8 203 122 225 194 72 154 23 203 17 203 16 203 19 203 18 195 77 154 183 40 43 55 31 48 23 8 253 110 252 253 102 253 9 68 77 42 196 211 253 110 254 237 90 235 203 26 24 3 8 203 58 203 27 203 24 203 25 31 8 203 63 32 216 201 8 121 8 72 67 90 22 0 201 33 174 211 17 183 211 205 58 153 121 183 202 72 178 120 183 40 12 145 48 12 198 128 242 128 155 254 128 40 8 195 123 153 198 128 242 214 154 119 27 58 197 211 18 19 213 229 237 83 184 211 33 0 0 34 144 211 34 146 211 34 175 211 34 177 211 34 166 211 34 168 211 14 32 33 175 211 17 166 211 175 6 8 26 158 18 19 35 16 249 218 5 156 55 33 144 211 203 22 35 203 22 35 203 22 35 203 22 42 184 211 43 203 62 6 7 43 203 30 16 251 13 194 164 155 42 144 211 237 91 146 211 58 147 211 183 250 253 155 41 235 237 106 235 68 77 225 205 45 153 209 58 143 211 183 248 43 126 230 127 119 35 201 193 197 10
fim

ap tudo 
tat
dt
mudecf 1
env
atr "block :size / :n
atr "i     0
repita :n 
[
 clean 
 atr "endi 
  :begin + :i * :block 
 atr "endf 
  :endi + :block - 1 
 dump :endi :endf 
 se :i < 10 
  [atr "si pal "0 :i] [] 
 se :i < 100 
  [atr "si pal "00 :i] [] 
 atr "file pal :prefix :si 
 esc sn "Saving :file 
 gravetudo :file 
 atr "i :i + 1]
fim

atribua "begin 16384
atribua "block 1024
atribua "dec 10
atribua "endf 39935
atribua "endi 38912
atribua "file "img0022
atribua "i 22
atribua "n 32
atribua "prefix "img
atribua "si "0022
atribua "size 32768

                                                                                                                              
