ap clean 
defina :prefix [[] [.]]
fim

ap dump :endi :endf
se :endi > :endf [pare]
atr "dec .examine :endi
defina :prefix 
 lista 
  [] 
  sn 
   elemento 
    2 
    texto 
     :prefix 
   :dec
esc ( sn :endi 
         car :dec 
         :dec )
dump :endi + 1 :endf
fim

ap env 
atr "prefix "img
atr "begin  16384
atr "size   32768
atr "n      32
fim

ap grave 
env
el :prefix
elns
eliminearq "logodump
gravetudo  "logodump
fim

ap img 
. 52 32 2 35 52 58 174 211 254 132 56 28 58 173 211 254 160 56 21 33 173 211 205 81 161 54 16 35 54 129 43 43 54 0 43 54 0 43 54 0 225 6 8 205 4 161 229 197 205 26 161 193 225 16 244 54 48 43 6 8 62 48 190 32 3 43 16 250 120 214 10 79 58 148 211 185 48 4 254 8 48 77 175 245 72 126 245 43 16 251 35 58 148 211 183 242 128 160 54 48 35 54 44 35 58 148 211 237 68 71 5 40 5 54 48 35 16 251 241 119 35 183 32 250 43 195 242 160 58 148 211 60 71 241 119 35 5 32 3 54 44 35 241 183 40 4 119 35 24 242 5 250 242 160 54 48 35 24 247 229 84 93 1 150 211 10 254 45 32 1 3 183 237 66 32 6 225 35 54 44 24 12 68 77 98 107 19 237 184 35 54 44 225 35 126 254 44 40 1 35 58 148 211 183 250 211 160 54 101 24 4 54 110 237 68 35 6 47 4 214 10 242 218 160 112 35 6 58 5 60 250 228 160 43 126 254 48 40 1 35 112 35 43 126 254 44 32 1 43 17 149 211 183 237 82 125 50 149 211 201 58 173 211 245 183 31 31 31 31 230 15 246 48 119 35 241 230 15 50 173 211 201 237 75 172 211 42 170 211 205 73 152 197 229 205 73 152 205 73 152 80 89 193 9 34 170 211 225 237 90 34 172 211 201 17 112 167 24 3 17 107 167 33 174 211 205 189 154 58 170 211 230 254 50 170 211 201 58 148 211 60 50 148 211 201 243 205 167 84 251 201 243 205 192 84 251 201 58 161 204 183 201 33 186 197 6 96 175 119 35 16 252 243 14 153 62 0 237 121 62 96 237 121 33 0 24 62 240 205 222 161 251 33 0 36 205 193 161 205 217 161 205 193 161 205 217 161 205 193 161 243 14 153 62 0 237 121 62 64 237 121 33 0 24 175 205 222 161 251 33 0 4 205 188 161 205 217 161 205 188 161 205 217 161 17 105 164 24 3 17 153 164 205 94 125 124 60 103 205 94 125 124 60 103 205 94 125 124 60 103 195 94 125 124 198 5 103 201 17 1 0 8 14 152 8 237 121 0 0 0 0 237 82 32 246 201 243 14 153 62 0 237 121 62 120 237 121 14 152 33 0 3 175 17 1 0 237 121 0 0 0 0 60 237 82 32 245 251 33 0 56 17 32 0 6 24 175 205 89 161 25 16 249 201 7 31 63 127 127 255 255 255 255 255 255 127 127 63 31 7 224 248 252 254 254 255 255 255 255 255 255 254 254 252 248 224 14 31 63 63 127 127 127 127 63 63 31 15 7 3 1 0 56 124 254 254 255 255 255 255 254 254 252 248 240 224 192 128 0 68 124 84 108 63 63 63 63 63 63 62 44 44 72 8 0 1 2 2 250 254 254 254 254 254 252 60 40 88 80 0 0 0 0 0 128 128 79 127 31 31 28 58 114 68 68 66 0 0 28 59 63 120 240 240 240 240 240 144 144 72 72 108 0 0 0 0 255 255 255 255 255 255 0 192 192 0 0 0 0 0 0 0 192 192 220 220 223 223 0 195 195 0 0 0 0 1 1 1 1 1 7 15 15 31 31 25 25 17 17 16 128 192 192 192 192 192 240 248 248 252 252 204 204 196 196 4 8 8 8 255 128 128 128 255 8 8 8 255 128 128 128 255 8 8 8 255 128 128 128 255 8 8 8 255 128 128 128 255 0 0 127 0 112 223 168 222 115 1 0 0 0 3 0 0 0 0 255 128 128 248 124 62 31 129 254 80 81 254 0 0 4 16 130 36 0 0 248 248 41 43 123 255 255 27 27 0 0 128 96 144 0 56 56 16 80 248 252 252 248 6 7 0 0 0 0 0 0 0 255 255 85 85 127 255 255 108 108 0 0 0 0 0 0 0 254 254 84 84 252 254 255 108 108 0 0 1 3 3 1 51 31 15 31 31 31 31 15 23 49 0 0 128 192 192 128 204 248 240 120 248 248 248 240 232 140 0 0 0 6 2 3 7 15 15 15 47 63 7 3 0 0 0 0 112 112 112 226 246 248 248 120 248 240 224 32 48 0 0 0 0 12 4 7 15 15 31 95 127 15 7 0 0 0 0 0 112 112 112 224 224 240 252 116 224 224 192 128 192 0 0 0 0 0 0 7 15 15 47 63 15 15 7 0 0 0 0 0 128 156 220 252 240 248 254 112 240 240 224 128 192 0 0 0 1 0 1 7 47 63 15 15 15 7 3 2 3 0 0 0 128 128 206 254 254 240 240 112 252 228 128 0 0 0 0
fim

ap tudo 
tat
dt
mudecf 1
env
atr "block :size / :n
atr "i     0
repita :n 
[
 clean 
 atr "endi 
  :begin + :i * :block 
 atr "endf 
  :endi + :block - 1 
 dump :endi :endf 
 se :i < 10 
  [atr "si pal "0 :i] [] 
 se :i < 100 
  [atr "si pal "00 :i] [] 
 atr "file pal :prefix :si 
 esc sn "Saving :file 
 gravetudo :file 
 atr "i :i + 1]
fim

atribua "begin 16384
atribua "block 1024
atribua "dec 0
atribua "endf 41983
atribua "endi 40960
atribua "file "img0024
atribua "i 24
atribua "n 32
atribua "prefix "img
atribua "si "0024
atribua "size 32768

                                                                                                    
