ap clean 
defina :prefix [[] [.]]
fim

ap dump :endi :endf
se :endi > :endf [pare]
atr "dec .examine :endi
defina :prefix 
 lista 
  [] 
  sn 
   elemento 
    2 
    texto 
     :prefix 
   :dec
esc ( sn :endi 
         car :dec 
         :dec )
dump :endi + 1 :endf
fim

ap env 
atr "prefix "img
atr "begin  16384
atr "size   32768
atr "n      32
fim

ap grave 
env
el :prefix
elns
eliminearq "logodump
gravetudo  "logodump
fim

ap img 
. 113 109 111 116 115 109 111 116 117 100 111 109 117 100 101 99 102 109 117 100 101 99 108 109 117 100 101 99 111 114 109 117 100 101 99 116 109 117 100 101 99 117 114 115 111 114 109 117 100 101 100 135 109 117 100 101 102 105 103 109 117 100 101 112 111 115 109 117 100 101 112 114 111 112 111 114 135 177 111 109 117 100 101 116 101 116 111 109 117 100 101 118 101 108 109 117 100 101 118 101 108 120 109 117 100 101 118 101 108 121 109 117 100 101 120 109 117 100 101 121 110 101 108 110 117 109 46 101 108 101 109 110 161 118 101 108 105 110 105 99 105 97 108 110 177 111 112 97 108 112 97 108 97 118 114 97 112 97 114 97 99 101 110 116 114 111 112 97 114 97 99 101 110 116 114 111 97 112 97 114 97 100 105 114 101 105 116 97 112 97 114 97 101 115 113 117 101 114 100 97 112 97 114 97 102 114 101 110 116 101 112 97 114 97 116 114 160 115 112 97 114 101 112 99 112 99 97 112 100 112 101 112 102 112 105 110 116 101 112 111 110 104 97 112 111 110 104 97 112 111 110 116 111 112 111 115 112 111 115 105 135 177 111 112 112 112 114 105 112 114 105 109 101 105 114 111 112 114 105 109 105 116 105 118 97 115 112 114 111 100 117 116 111 112 114 111 112 112 114 111 112 111 114 135 177 111 112 114 111 112 114 105 101 100 97 100 101 112 116 113 117 97 110 100 111 113 117 101 109 113 117 111 99 105 101 110 116 101 114 97 105 122 113 114 101 112 105 116 97 114 101 112 114 111 100 117 122 97 114 101 115 116 111 114 101 116 105 114 101 112 114 111 112 114 101 116 105 114 101 116 111 100 97 115 112 114 111 112 114 103 114 112 114 113 114 116 112 115 101 115 101 109 105 109 112 114 101 115 115 111 114 97 115 101 109 112 114 105 109 101 105 114 111 115 101 109 163 108 116 105 109 111 115 101 110 115 101 110 116 101 110 135 97 115 110 115 111 109 115 111 109 97 115 111 114 116 101 105 101 97 116 130 115 112 115 117 115 162 116 97 116 115 177 111 105 103 117 97 105 115 116 97 114 116 97 114 117 103 97 116 97 116 116 101 109 99 97 114 116 101 109 118 97 108 111 114 116 101 120 116 111 116 105 114 101 108 105 109 105 116 101 116 108 116 111 100 97 115 116 111 100 97 115 112 114 111 112 116 111 113 117 101 116 114 111 113 117 101 115 105 110 97 108 117 98 117 105 117 108 117 108 116 117 110 117 115 101 98 111 114 114 97 99 104 97 117 115 101 105 110 118 101 114 115 111 114 117 115 101 108 160 112 105 115 117 115 101 110 97 100 97 118 101 108 118 101 108 120 118 101 108 121 118 101 114 100 118 101 114 115 177 111 163 108 116 105 109 111 130 98 111 116 177 111 130 106 111 121 130 108 105 115 116 97 130 110 163 109 101 114 111 130 112 97 108 97 118 114 97 130 112 114 105 109 105 116 105 118 97 130 112 114 111 99 101 100 105 109 101 110 116 111 130 118 97 122 105 97 130 118 105 115 161 118 101 108 101 108 156 251 237 148 134 153 158 149 228 224 222 158 149 229 156 222 150 149 252 248 150 152 250 251 150 153 150 224 225 150 224 225 229 149 159 147 150 224 225 233 154 158 150 224 225 234 150 224 225 235 251 148 150 242 150 242 233 146 251 150 242 233 146 251 234 150 242 234 151 142 248 152 248 150 148 158 153 156 154 222 241 156 222 233 146 225 156 222 233 146 225 234 156 224 233 146 251 158 146 157 147 224 227 233 146 225 224 227 233 146 225 234 224 227 233 234 244 155 234 224 233 241 226 151 222 226 151 222 244 250 226 152 251 147 226 226 222 146 224 252 152 226 242 227 150 153 227 222 227 154 146 227 253 147 227 228 239 250 229 149 159 147 229 152 158 229 239 148 224 222 158 229 239 148 234 231 250 234 146 153 146 234 146 153 146 234 234 244 155 234 244 155 234 235 224 222 248 237 237 223 253 145 153 222 251 237 223 253 149 251 158 237 223 253 233 146 251 237 223 253 233 146 251 234 239 148 237 239 227 239 249 242 239 253 229 150 237 240 151 222 237 240 224 222 156 224 222 158 240 253 229 240 253 229 224 222 158 240 253 229 229 152 158 241 151 241 151 234 242 155 222 157 238 147 243 156 243 228 230 243 228 222 158 244 248 229 149 156 246 154 233 146 225 246 154 233 146 225 234 246 154 233 234 244 155 234 247 253 157 147 252 152 229 156 251 150 242 233 146 251 234 150 242 234 151 0
fim

ap tudo 
tat
dt
mudecf 1
env
atr "block :size / :n
atr "i     0
repita :n 
[
 clean 
 atr "endi 
  :begin + :i * :block 
 atr "endf 
  :endi + :block - 1 
 dump :endi :endf 
 se :i < 10 
  [atr "si pal "0 :i] [] 
 se :i < 100 
  [atr "si pal "00 :i] [] 
 atr "file pal :prefix :si 
 esc sn "Saving :file 
 gravetudo :file 
 atr "i :i + 1]
fim

atribua "begin 16384
atribua "block 1024
atribua "dec 0
atribua "endf 49151
atribua "endi 48128
atribua "file "img0031
atribua "i 31
atribua "n 32
atribua "prefix "img
atribua "si "0031
atribua "size 32768

                                                                          
