ap clean 
defina :prefix [[] [.]]
fim

ap dump :endi :endf
se :endi > :endf [pare]
atr "dec .examine :endi
defina :prefix 
 lista 
  [] 
  sn 
   elemento 
    2 
    texto 
     :prefix 
   :dec
esc ( sn :endi 
         car :dec 
         :dec )
dump :endi + 1 :endf
fim

ap env 
atr "prefix "img
atr "begin  16384
atr "size   32768
atr "n      32
fim

ap grave 
env
el :prefix
elns
eliminearq "logodump
gravetudo  "logodump
fim

ap img 
. 65 66 67 77 0 0 0 0 0 0 0 0 0 0 0 0 195 93 117 195 184 117 237 91 92 203 205 164 158 205 18 172 205 103 136 237 91 84 203 205 164 158 195 213 68 62 255 50 246 204 205 246 97 175 50 246 204 201 33 108 64 17 245 92 195 156 92 33 230 168 17 18 93 195 156 92 33 124 64 17 245 92 195 156 92 205 99 64 205 105 64 24 0 205 30 93 195 253 168 205 30 93 195 230 168 205 30 93 237 75 19 204 205 136 83 254 48 192 195 195 168 205 30 93 205 11 94 200 205 227 93 62 1 183 201 195 241 117 205 30 93 205 11 94 200 205 186 93 195 177 100 205 121 64 205 23 117 205 177 100 195 241 117 195 23 117 58 71 204 246 2 50 71 204 205 184 64 33 0 0 34 15 204 201 237 75 25 204 120 177 192 195 105 178 205 120 134 62 128 33 173 211 174 119 195 231 111 195 102 178 205 155 134 195 32 67 195 52 111 195 189 111 195 176 111 58 182 197 79 13 42 179 197 34 177 197 62 255 50 176 197 62 3 195 215 121 205 208 132 213 205 150 83 237 83 19 204 205 162 100 209 205 145 83 32 239 205 177 100 195 25 111 205 208 132 213 205 150 83 237 83 19 204 205 247 99 209 205 145 83 32 239 195 25 111 205 186 136 205 234 99 195 177 100 58 71 204 246 8 195 171 64 195 194 116 205 38 136 205 171 132 245 205 121 65 32 10 205 172 133 241 194 25 111 195 197 116 62 1 50 67 204 205 177 105 175 50 67 204 205 121 65 205 172 133 237 83 41 204 205 172 133 241 202 197 116 237 91 41 204 237 83 19 204 195 197 116 237 75 15 204 197 205 167 95 193 237 67 15 204 201 205 38 136 205 205 143 205 73 115 205 194 116 195 174 143 42 150 178 237 91 152 178 126 230 31 71 26 205 117 91 19 16 249 62 13 205 117 91 35 35 35 237 75 152 178 205 199 96 32 228 201 205 20 135 197 205 20 135 225 125 237 121 201 205 20 135 237 120 95 22 0 195 237 111 205 20 135 197 205 203 133 96 105 193 113 201 205 203 133 10 24 232 205 203 133 96 105 233 205 39 178 195 177 100 195 7 116 205 186 136 237 83 41 204 205 161 132 205 150 83 213 253 225 237 75 41 204 195 233 168 205 161 132 237 83 41 204 205 186 136 213 193 237 91 41 204 205 150 83 213 253 225 195 233 168 205 206 131 194 52 111 195 117 178 205 206 131 195 187 111 205 171 132 195 187 111 33 174 132 205 232 131 213 205 150 83 237 83 19 204 205 174 132 209 194 174 111 205 145 83 32 236 195 174 111 33 174 132 205 232 131 213 205 150 83 237 83 19 204 205 174 132 209 202 176 111 205 145 83 32 236 195 189 111 205 106 134 58 189 211 203 127 194 87 178 205 225 152 17 190 211 205 189 154 205 2 158 195 32 67 33 157 167 17 202 211 195 13 152 205 139 134 205 169 153 195 32 67 33 169 153 175 195 94 92 33 189 154 62 129 195 94 92 205 139 134 205 189 154 195 32 67 205 139 134 205 90 155 195 32 67 205 139 134 205 249 156 210 32 67 195 214 154 205 120 134 126 183 202 32 67 43 203 126 194 87 178 35 205 46 157 24 66 205 155 134 194 189 111 58 174 211 167 195 187 111 205 155 134 195 187 111 205 120 134 205 241 157 24 6 205 120 134 205 2 158 218 87 178 24 28 205 120 134 205 55 156 24 20 205 71 134 205 252 145 33 174 211 24 9 205 71 134 205 221 145 33 174 211 126 183 194 223 111 43 119 35 195 223 111 205 236 143 195 55 111 205 251 133 205 12 149 195 217 149 205 50 135 24 245 205 251 133 205 12 149 42 207 205 17 19 0 25 17 4 205 205 1 152 195 230 149 1 19 0 205 251 148 9 195 223 111 205 251 148 205 26 148 33 174 211 195 223 111 205 251 148 205 56 148 33 174 211 195 223 111 33 176 204 195 223 111 205 104 135 245 205 104 135 193 184 194 43 144 201 205 170 150 202 99 178 205 196 150 24 28 205 251 148 42 207 205 17 46 0 25 126 203 63 203 63 195 177 67 205 251 148 1 45 0 9 126 230 15 95 175 87 195 237 111 205 191 134 205 213 0 24 242 205 251 148 205 102 150 126 24 231 58 177 204 24 226 205 104 135 205 12 149 42 207 205 17 45 0 25 58 0 205 119 201 205 104 135 58 0 205 230 15 50 0 205 205 12 149 205 102 150 126 230 240 221 33 0 205 221 182 0 119 195 40 150 205 234
fim

ap tudo 
tat
dt
mudecf 1
env
atr "block :size / :n
atr "i     0
repita :n 
[
 clean 
 atr "endi 
  :begin + :i * :block 
 atr "endf 
  :endi + :block - 1 
 dump :endi :endf 
 se :i < 10 
  [atr "si pal "0 :i] [] 
 se :i < 100 
  [atr "si pal "00 :i] [] 
 atr "file pal :prefix :si 
 esc sn "Saving :file 
 gravetudo :file 
 atr "i :i + 1]
fim

atribua "begin 16384
atribua "block 1024
atribua "dec 234
atribua "endf 17407
atribua "endi 16384
atribua "file "img000
atribua "i 0
atribua "n 32
atribua "prefix "img
atribua "si "000
atribua "size 32768

                                                                                               
