ap clean 
defina :prefix [[] [.]]
fim

ap dump :endi :endf
se :endi > :endf [pare]
atr "dec .examine :endi
defina :prefix 
 lista 
  [] 
  sn 
   elemento 
    2 
    texto 
     :prefix 
   :dec
esc ( sn :endi 
         car :dec 
         :dec )
dump :endi + 1 :endf
fim

ap env 
atr "prefix "img
atr "begin  16384
atr "size   32768
atr "n      32
fim

ap grave 
env
el :prefix
elns
eliminearq "logodump
gravetudo  "logodump
fim

ap img 
. 0 0 70 17 7 0 25 94 35 86 33 44 205 195 85 152 205 87 150 17 44 205 235 195 1 152 205 237 147 229 33 174 211 17 141 165 205 1 152 209 205 147 153 33 183 211 17 176 204 205 1 152 235 195 90 155 205 191 147 235 33 174 211 205 1 152 17 136 165 195 147 153 42 207 205 17 4 0 25 126 167 40 31 205 97 150 17 193 204 1 6 0 237 176 237 91 193 204 33 187 204 205 167 158 237 91 195 204 33 192 204 195 167 158 42 207 205 17 30 0 25 17 183 204 1 16 0 237 176 201 33 4 205 17 190 211 205 13 152 205 62 150 17 190 211 235 205 189 154 17 187 204 235 205 169 153 33 19 205 17 190 211 205 13 152 205 67 150 17 190 211 235 205 189 154 17 192 204 235 195 147 153 205 25 132 205 71 135 235 33 19 205 205 1 152 195 63 135 205 182 148 205 251 148 205 191 147 205 237 147 33 174 211 17 4 205 205 1 152 33 183 211 17 19 205 205 1 152 17 39 205 33 174 211 205 147 153 17 44 205 33 182 211 62 128 174 119 35 195 169 153 42 221 203 205 190 83 50 178 204 35 34 207 205 17 4 205 201 62 255 50 46 205 225 34 253 204 42 221 203 229 205 190 83 50 178 204 35 34 207 205 205 52 149 225 205 185 83 32 236 175 50 46 205 17 4 205 201 58 168 204 183 194 144 178 42 253 204 233 213 193 203 124 40 3 25 24 249 205 199 96 216 200 237 82 24 247 33 187 204 205 168 157 237 67 179 204 33 192 204 205 168 157 237 67 181 204 205 210 118 58 96 204 183 32 12 42 179 204 34 193 204 42 181 204 34 195 204 42 207 205 17 4 0 25 126 167 40 14 205 97 150 17 193 204 235 1 4 0 237 176 24 16 42 207 205 17 30 0 25 17 183 204 1 14 0 235 237 176 58 96 204 183 58 178 204 111 38 31 40 23 58 193 204 254 8 56 16 58 195 204 214 8 205 55 150 58 193 204 214 8 35 24 7 62 210 205 55 150 35 175 205 89 161 58 96 205 203 111 200 195 213 84 42 207 205 17 19 0 25 17 4 205 205 169 153 205 251 144 205 202 145 205 73 146 42 207 205 17 46 0 25 126 254 144 216 229 42 207 205 17 19 0 25 235 33 190 211 205 1 152 17 126 165 205 189 154 205 168 157 121 254 24 32 1 175 198 36 203 39 203 39 225 119 8 58 178 204 198 2 24 11 203 119 40 1 175 8 58 178 204 198 3 111 38 31 8 1 128 0 9 195 89 161 17 24 0 24 38 17 29 0 24 33 17 42 0 24 28 17 9 0 24 23 17 14 0 24 18 17 39 0 24 13 17 44 0 24 8 17 40 0 24 3 17 47 0 42 207 205 25 201 42 207 205 17 4 0 25 17 4 205 26 167 194 1 152 126 167 200 205 237 147 229 205 87 150 209 205 1 152 205 191 147 229 42 207 205 17 34 0 25 209 205 1 152 6 15 42 207 205 54 0 35 16 251 205 208 152 203 190 201 205 251 148 42 207 205 1 40 0 9 1 4 0 17 193 204 237 176 205 125 119 58 96 204 183 201 58 193 204 254 8 56 14 58 97 204 160 121 40 4 31 31 31 31 230 15 192 58 177 204 230 15 201 205 78 118 42 159 204 62 4 205 215 121 17 0 56 25 205 95 161 254 224 62 224 32 2 62 192 205 89 161 195 62 118 33 136 56 237 91 65 204 205 12 151 33 144 56 6 16 197 6 8 205 54 85 1 24 0 9 19 193 16 242 201 62 192 205 89 161 35 16 248 201 235 205 95 161 235 23 245 62 224 56 2 62 192 205 89 161 35 241 16 241 201 175 213 87 205 95 161 254 224 55 40 1 63 203 18 35 16 242 122 235 225 205 89 161 235 201 95 175 87 203 35 203 18 203 35 203 18 203 35 203 18 33 0 24 25 34 65 204 201 205 154 118 253 33 59 151 205 255 150 205 154 118 195 240 161 205 124 135 205 84 151 253 33 38 151 205 255 150 205 135 118 33 8 4 34 159 204 205 92 118 205 231 90 194 117 151 205 156 0 40 245 175 71 205 248 90 254 3 40 205 254 25 253 33 38 151 40 12 254 27 40 183 254 11 32 15 253 33 29 151 205 78 118 205 255 150 205 62 118 24 196 254 32 32 5 205 223 150 24 196 1 4 0 33 64 165 237 177 32 186 121 33 68 165 17 159 204 254 2 48 1 19 79 133 111 26 190 32 5 62 4 133 111 126 6 1 203 65 40 2 5 5 128 18 42 159 204 24
fim

ap tudo 
tat
dt
mudecf 1
env
atr "block :size / :n
atr "i     0
repita :n 
[
 clean 
 atr "endi 
  :begin + :i * :block 
 atr "endf 
  :endi + :block - 1 
 dump :endi :endf 
 se :i < 10 
  [atr "si pal "0 :i] [] 
 se :i < 100 
  [atr "si pal "00 :i] [] 
 atr "file pal :prefix :si 
 esc sn "Saving :file 
 gravetudo :file 
 atr "i :i + 1]
fim

atribua "begin 16384
atribua "block 1024
atribua "dec 24
atribua "endf 38911
atribua "endi 37888
atribua "file "img0021
atribua "i 21
atribua "n 32
atribua "prefix "img
atribua "si "0021
atribua "size 32768

                                                 
