ap clean 
defina :prefix [[] [.]]
fim

ap dump :endi :endf
se :endi > :endf [pare]
atr "dec .examine :endi
defina :prefix 
 lista 
  [] 
  sn 
   elemento 
    2 
    texto 
     :prefix 
   :dec
esc ( sn :endi 
         car :dec 
         :dec )
dump :endi + 1 :endf
fim

ap env 
atr "prefix "img
atr "begin  16384
atr "size   32768
atr "n      32
fim

ap grave 
env
el :prefix
elns
eliminearq "logodump
gravetudo  "logodump
fim

ap img 
. 103 34 133 203 254 48 40 14 33 37 104 34 133 203 205 136 104 48 3 195 188 104 8 175 50 135 203 62 1 50 110 203 8 50 111 203 201 205 136 104 218 188 104 8 58 110 203 254 9 48 14 60 50 110 203 79 6 0 33 110 203 9 8 119 201 58 130 203 60 50 130 203 254 100 216 24 99 205 136 104 56 115 8 175 50 135 203 33 110 203 175 182 35 32 3 8 119 8 62 48 190 32 3 43 54 0 58 110 203 254 9 208 58 130 203 61 50 130 203 58 110 203 60 50 110 203 33 110 203 6 0 79 9 8 119 201 254 48 216 254 58 56 2 55 201 183 201 8 175 50 135 203 8 205 136 104 56 18 214 48 71 58 132 203 135 79 135 135 128 129 254 38 50 132 203 216 33 255 255 34 133 203 62 255 50 135 203 201 33 77 104 34 133 203 254 44 200 8 62 255 50 135 203 58 110 203 183 40 26 33 147 104 34 133 203 8 254 69 200 254 101 200 8 62 255 50 131 203 8 254 78 200 254 110 200 33 255 255 34 133 203 201 58 135 203 183 192 58 130 203 71 58 131 203 183 58 132 203 40 2 237 68 128 50 130 203 62 255 50 136 203 205 215 158 175 50 136 203 58 135 203 183 192 33 173 211 58 129 203 182 119 205 35 172 175 201 205 177 96 33 49 205 126 54 0 183 196 179 87 175 50 46 205 50 28 202 50 168 204 50 68 203 49 0 197 33 15 204 1 73 204 205 227 96 205 252 91 58 83 203 183 196 45 64 175 50 67 204 50 68 204 50 71 204 1 0 0 237 67 15 204 237 67 23 204 237 67 25 204 237 67 27 204 62 63 205 215 91 204 117 91 175 50 72 204 205 190 125 205 137 105 24 207 205 139 136 237 75 19 204 237 67 15 204 237 75 15 204 120 177 40 5 205 177 105 24 243 205 20 137 58 71 204 183 200 1 0 0 237 67 15 204 201 205 117 90 1 0 0 237 67 29 204 237 75 15 204 205 133 83 230 15 245 205 217 96 205 110 83 237 67 19 204 241 33 220 105 6 0 79 9 126 35 102 111 233 236 105 230 105 239 105 108 106 13 106 58 67 204 183 40 200 195 120 178 42 19 204 205 190 83 202 117 178 35 35 205 104 168 175 33 250 191 237 66 202 117 178 237 67 19 204 195 108 106 237 75 19 204 237 67 21 204 237 75 21 204 205 133 83 230 31 203 39 33 44 106 6 0 79 9 126 35 102 111 233 108 106 114 178 114 178 114 178 108 106 114 178 108 106 114 178 108 106 114 178 114 178 114 178 114 178 114 178 114 178 114 178 159 106 245 106 13 107 66 107 91 107 57 107 96 107 91 107 114 178 114 178 114 178 114 178 114 178 143 106 114 178 108 106 205 103 136 195 61 111 237 75 21 204 237 67 19 204 205 196 102 42 19 204 84 93 205 145 83 200 205 190 83 34 19 204 195 114 178 205 114 106 237 75 15 204 205 61 83 34 15 204 195 177 105 237 75 19 204 237 67 17 204 205 37 96 32 33 205 114 106 205 210 83 254 8 32 7 205 190 83 254 63 32 204 42 19 204 237 75 15 204 205 61 83 34 15 204 195 177 105 237 75 17 204 237 67 19 204 205 94 109 205 218 107 202 102 107 205 143 107 58 71 204 230 2 32 6 50 71 204 195 25 111 175 50 71 204 195 55 111 205 94 109 205 186 136 205 155 136 237 91 19 204 205 17 83 34 19 204 205 103 136 221 233 205 94 109 205 186 136 205 155 136 237 91 19 204 205 17 83 205 186 136 205 170 136 237 91 19 204 42 17 204 205 12 83 205 39 83 237 67 19 204 205 103 136 221 233 205 94 109 205 78 93 195 25 111 237 75 19 204 42 201 203 183 237 66 40 7 237 67 23 204 195 236 105 42 203 203 34 19 204 205 94 109 221 233 205 94 109 195 45 197 237 75 19 204 237 67 15 204 205 69 110 205 232 136 58 67 204 183 40 8 193 193 205 232 136 205 217 136 205 217 136 175 50 68 204 50 67 204 195 177 105 205 145 109 237 75 23 204 237 67 19 204 205 37 96 205 139 136 237 75 19 204 237 67 15 204 33 68 204 203 190 237 75 15 204 120 177 40 8 205 41 101 205 177 105 24 240 205 20 137 237 75 27 204 237 67 29 204 195 214 108 34 15 204 205 177 105 237 75 15 204 120 177 32 245 201 237 75 15 204 120 177 192 42 33 204 205 210 83 254 11 192 205 185 83 254 5 192 237 75 23 204 237 67 19 204 205 37 96 237 75 19 204 120
fim

ap tudo 
tat
dt
mudecf 1
env
atr "block :size / :n
atr "i     0
repita :n 
[
 clean 
 atr "endi 
  :begin + :i * :block 
 atr "endf 
  :endi + :block - 1 
 dump :endi :endf 
 se :i < 10 
  [atr "si pal "0 :i] [] 
 se :i < 100 
  [atr "si pal "00 :i] [] 
 atr "file pal :prefix :si 
 esc sn "Saving :file 
 gravetudo :file 
 atr "i :i + 1]
fim

atribua "begin 16384
atribua "block 1024
atribua "dec 120
atribua "endf 27647
atribua "endi 26624
atribua "file "img0010
atribua "i 10
atribua "n 32
atribua "prefix "img
atribua "si "0010
atribua "size 32768

                                                                
