ap clean 
defina :prefix [[] [.]]
fim

ap dump :endi :endf
se :endi > :endf [pare]
atr "dec .examine :endi
defina :prefix 
 lista 
  [] 
  sn 
   elemento 
    2 
    texto 
     :prefix 
   :dec
esc ( sn :endi 
         car :dec 
         :dec )
dump :endi + 1 :endf
fim

ap env 
atr "prefix "img
atr "begin  16384
atr "size   32768
atr "n      32
fim

ap grave 
env
el :prefix
elns
eliminearq "logodump
gravetudo  "logodump
fim

ap img 
. 181 200 68 77 235 221 229 209 58 7 197 243 211 168 237 184 24 221 205 35 172 205 155 136 237 75 19 204 205 251 82 34 19 204 201 58 85 203 183 32 6 205 246 97 194 36 98 33 174 211 1 5 0 237 91 215 203 205 150 83 205 136 168 237 83 96 203 205 177 96 62 63 245 205 191 96 237 75 96 203 205 251 82 237 75 215 203 237 67 19 204 241 205 145 82 205 39 83 34 215 203 201 205 212 95 237 67 147 203 34 106 203 201 237 91 106 203 122 179 40 36 42 147 203 205 185 83 205 190 83 25 58 7 197 243 211 168 126 50 172 197 58 5 197 211 168 251 27 237 83 106 203 175 58 172 197 201 62 13 183 50 172 197 201 42 215 203 34 74 204 205 190 83 34 96 203 201 42 84 203 124 181 202 36 98 42 96 203 58 7 197 243 211 168 58 172 197 119 8 58 5 197 211 168 251 8 43 34 96 203 42 84 203 43 34 84 203 175 180 192 58 83 203 183 192 195 246 97 237 75 74 204 237 67 19 204 205 212 95 175 180 192 125 230 240 192 34 65 204 17 80 204 205 6 168 42 150 178 237 91 152 178 126 230 31 79 6 0 58 65 204 185 32 11 213 253 225 197 205 55 173 193 202 178 79 235 9 235 35 35 35 237 75 152 178 205 199 96 194 6 173 58 9 197 183 32 25 62 1 183 201 221 33 80 204 120 177 200 221 126 0 253 190 0 192 253 35 221 35 11 24 239 58 22 197 33 0 66 205 36 0 42 19 197 62 54 50 76 204 126 50 77 204 35 94 35 86 35 235 58 65 204 79 6 0 190 32 38 35 229 253 225 205 55 173 32 29 235 94 35 86 237 83 78 204 58 21 197 33 0 66 205 36 0 58 23 197 33 0 66 205 36 0 175 251 201 19 19 42 17 197 175 237 82 235 32 188 205 129 173 24 141 229 205 176 173 225 192 1 255 63 9 58 196 211 205 12 0 47 95 245 58 196 211 205 20 0 58 196 211 205 12 0 79 241 185 201 33 0 0 34 13 197 38 128 34 15 197 33 32 197 6 32 54 201 35 16 251 33 40 213 6 4 30 0 115 35 197 213 6 4 22 0 203 251 122 203 39 203 39 179 119 35 20 16 245 209 19 193 16 230 33 40 213 1 20 0 197 229 126 50 196 211 33 0 0 205 166 173 32 86 58 196 211 203 127 202 101 174 230 3 202 105 174 79 6 0 33 193 252 9 203 126 202 101 174 35 35 35 35 229 58 196 211 79 219 168 71 230 63 95 121 203 39 203 39 203 39 203 39 203 39 203 39 179 111 121 203 63 203 63 230 3 79 125 211 168 58 255 255 47 230 252 177 87 50 255 255 120 211 168 225 114 225 229 203 238 33 0 64 58 196 211 205 12 0 254 108 32 45 33 1 64 58 196 211 205 12 0 254 111 32 32 33 2 64 58 196 211 205 12 0 254 103 32 19 33 3 64 58 196 211 205 12 0 254 111 32 6 225 229 203 230 24 26 33 0 64 205 166 173 32 18 58 23 197 230 3 79 58 196 211 230 3 185 40 4 225 229 203 246 225 35 193 11 120 177 194 5 174 6 20 33 40 213 203 102 32 5 35 16 249 24 20 126 230 143 50 22 197 33 0 66 205 36 0 219 168 33 4 64 205 64 175 62 32 205 38 175 192 81 62 64 205 38 175 192 120 50 21 197 58 6 197 230 252 178 50 6 197 121 203 39 203 39 79 58 5 197 230 243 177 50 7 197 219 168 245 58 21 197 33 0 64 205 36 0 241 211 168 62 255 50 10 197 201 6 20 79 33 40 213 121 166 32 7 35 16 249 62 1 183 201 126 230 143 71 230 3 79 175 201 230 207 79 58 6 197 230 48 177 50 8 197 17 13 197 1 6 0 237 176 34 19 197 58 23 197 33 0 66 205 36 0 33 252 175 17 32 197 1 73 0 237 176 62 255 50 9 197 201 0 112 114 105 109 105 116 32 32 111 101 109 33 113 175 17 222 211 1 12 0 237 176 235 6 20 54 0 35 16 251 205 142 89 192 205 252 88 42 9 212 1 0 64 183 237 66 1 1 32 205 199 96 56 3 33 0 32 68 77 237 67 9 213 33 0 64 120 177 202 232 175 229 42 216 211 17 137 212 205 205 96 40 10 126 35 34 216 211 50 172 197 24 6 225 205 252 88 24 228 225 58 7 197 211 168 58 172 197 119 58 5 197 211 168 11 35 24 204 58 21 197 50 22 197 58 7 197 211 168 33 2 64 205 64 175 195 173 89 8 58 5 197
fim

ap tudo 
tat
dt
mudecf 1
env
atr "block :size / :n
atr "i     0
repita :n 
[
 clean 
 atr "endi 
  :begin + :i * :block 
 atr "endf 
  :endi + :block - 1 
 dump :endi :endf 
 se :i < 10 
  [atr "si pal "0 :i] [] 
 se :i < 100 
  [atr "si pal "00 :i] [] 
 atr "file pal :prefix :si 
 esc sn "Saving :file 
 gravetudo :file 
 atr "i :i + 1]
fim

atribua "begin 16384
atribua "block 1024
atribua "dec 197
atribua "endf 45055
atribua "endi 44032
atribua "file "img0027
atribua "i 27
atribua "n 32
atribua "prefix "img
atribua "si "0027
atribua "size 32768

                                                                                          
