ap clean 
defina :prefix [[] [.]]
fim

ap dump :endi :endf
se :endi > :endf [pare]
atr "dec .examine :endi
defina :prefix 
 lista 
  [] 
  sn 
   elemento 
    2 
    texto 
     :prefix 
   :dec
esc ( sn :endi 
         car :dec 
         :dec )
dump :endi + 1 :endf
fim

ap env 
atr "prefix "img
atr "begin  16384
atr "size   32768
atr "n      32
fim

ap grave 
env
el :prefix
elns
eliminearq "logodump
gravetudo  "logodump
fim

ap img 
. 35 172 205 39 82 237 75 19 204 205 251 82 34 19 204 205 179 136 42 19 204 237 75 17 204 205 61 83 34 17 204 209 27 122 179 32 208 34 19 204 195 103 136 80 95 217 62 24 33 8 32 8 6 248 17 26 198 205 125 125 217 33 26 198 6 248 126 171 32 3 122 24 28 79 230 15 32 10 126 230 240 79 122 230 15 177 24 13 121 230 240 32 9 126 230 15 79 122 230 240 177 119 35 16 217 217 6 248 17 26 198 205 96 125 36 8 61 32 188 201 42 207 205 6 29 175 119 35 16 252 62 129 119 35 17 132 165 235 1 10 0 237 176 205 208 152 62 64 166 119 201 205 190 83 34 19 204 205 57 134 42 19 204 205 190 83 17 174 211 205 136 168 205 168 157 175 176 194 87 178 121 254 30 210 87 178 245 203 39 203 39 203 39 111 175 38 0 203 37 203 20 229 203 37 203 20 209 25 241 245 95 22 0 25 17 209 205 25 229 205 170 136 42 21 204 62 42 205 156 82 209 205 17 83 241 229 95 22 0 205 164 158 205 35 172 237 75 19 204 225 201 1 0 0 175 50 212 211 182 200 17 96 165 229 70 43 78 203 121 32 17 96 105 1 52 137 175 237 66 225 218 60 158 205 147 153 24 231 225 205 169 153 43 203 126 35 32 247 195 60 158 253 33 252 204 175 253 119 0 58 212 211 183 32 56 33 180 0 183 237 66 56 15 121 254 90 48 4 96 105 24 36 253 203 0 206 24 30 33 14 1 183 237 66 56 12 96 105 1 180 0 62 3 253 119 0 24 8 33 104 1 183 253 203 0 198 237 66 229 193 201 33 89 0 183 237 66 197 225 208 253 203 0 206 33 179 0 183 237 66 56 4 229 193 24 32 253 203 0 198 33 13 1 183 237 66 56 7 33 76 255 9 229 193 201 62 1 253 119 0 33 103 1 183 237 66 229 193 229 197 213 253 229 33 211 211 62 128 174 119 35 17 201 145 205 169 153 253 225 209 193 225 201 0 0 0 0 129 17 5 0 25 235 205 45 145 205 252 145 197 1 5 0 235 9 235 193 62 90 145 79 197 225 58 212 211 183 40 5 205 172 145 11 43 205 11 146 253 203 0 78 200 27 26 238 128 18 201 205 11 146 253 203 0 70 200 27 26 238 128 18 19 201 9 9 9 9 197 1 154 165 9 213 58 212 211 183 196 36 146 1 5 0 237 184 209 193 201 253 229 213 229 1 5 0 9 17 190 211 1 5 0 237 184 235 33 190 211 205 147 153 17 212 211 205 189 154 209 205 169 153 209 253 225 201 42 207 205 17 4 0 25 126 167 200 229 235 33 5 0 25 205 1 152 235 33 15 0 25 235 205 189 154 205 159 152 8 120 79 8 71 203 127 40 8 203 191 47 71 121 47 79 3 237 67 65 204 17 5 0 25 209 205 1 152 235 33 15 0 25 235 205 189 154 235 33 29 205 205 1 152 17 176 204 205 189 154 205 159 152 8 120 79 8 71 203 127 40 4 203 184 24 8 203 191 47 71 121 47 79 3 237 67 63 204 42 207 205 17 31 0 25 58 178 204 119 235 19 111 38 31 1 128 0 183 237 74 235 115 35 114 35 58 63 204 119 35 35 58 64 204 119 237 75 65 204 35 113 35 35 112 205 208 152 203 254 201 235 205 1 152 33 174 211 205 1 152 205 189 154 17 4 205 205 169 153 205 46 157 126 183 32 6 205 110 150 195 69 67 254 132 210 87 178 42 207 205 17 4 0 25 17 174 211 205 1 152 33 174 211 17 39 205 205 1 152 33 183 211 17 44 205 205 1 152 205 108 147 17 4 205 235 205 1 152 195 69 67 33 4 205 17 174 211 205 1 152 17 174 211 33 183 211 205 13 152 33 183 211 17 176 204 205 1 152 205 90 155 17 183 211 33 174 211 205 13 152 33 4 205 17 174 211 195 13 152 205 60 147 33 174 211 58 174 211 167 32 17 17 137 167 58 182 211 203 127 202 134 147 17 127 167 195 1 152 58 183 211 167 32 16 17 132 167 58 173 211 203 127 40 237 17 122 167 195 1 152 58 182 211 203 127 245 58 173 211 203 127 245 205 90 155 205 55 156 17 127 167 241 8 241 200 8 202 147 153 195 169 153 42 207 205 17 4 0 25 126 167 40 21 42 207 205 17 38 0 25 1 0 0 35 35 94 35 86 33 39 205 195 85 152 42 207 205 17 34 0 25 17 39 205 235 195 1 152 42 207 205 17 4 0 25 126 167 40 24 42 207 205 17 35 0 25 1
fim

ap tudo 
tat
dt
mudecf 1
env
atr "block :size / :n
atr "i     0
repita :n 
[
 clean 
 atr "endi 
  :begin + :i * :block 
 atr "endf 
  :endi + :block - 1 
 dump :endi :endf 
 se :i < 10 
  [atr "si pal "0 :i] [] 
 se :i < 100 
  [atr "si pal "00 :i] [] 
 atr "file pal :prefix :si 
 esc sn "Saving :file 
 gravetudo :file 
 atr "i :i + 1]
fim

atribua "begin 16384
atribua "block 1024
atribua "dec 1
atribua "endf 37887
atribua "endi 36864
atribua "file "img0020
atribua "i 20
atribua "n 32
atribua "prefix "img
atribua "si "0020
atribua "size 32768

                                                                
