ap clean 
defina :prefix [[] [.]]
fim

ap dump :endi :endf
se :endi > :endf [pare]
atr "dec .examine :endi
defina :prefix 
 lista 
  [] 
  sn 
   elemento 
    2 
    texto 
     :prefix 
   :dec
esc ( sn :endi 
         car :dec 
         :dec )
dump :endi + 1 :endf
fim

ap env 
atr "prefix "img
atr "begin  16384
atr "size   32768
atr "n      32
fim

ap grave 
env
el :prefix
elns
eliminearq "logodump
gravetudo  "logodump
fim

ap img 
. 133 243 65 14 153 120 50 177 204 237 121 62 135 237 121 251 201 205 251 133 58 4 205 183 202 87 178 17 176 204 235 195 1 152 205 12 149 205 102 150 126 230 143 119 195 40 150 205 251 148 205 102 150 203 118 202 176 111 195 189 111 205 191 134 205 213 0 167 202 189 111 195 176 111 205 191 134 205 216 0 24 241 205 12 149 205 102 150 203 246 175 195 40 150 195 173 115 237 75 221 203 237 67 19 204 205 103 136 237 75 219 203 237 67 19 204 205 103 136 205 236 143 205 73 115 205 107 69 205 186 136 237 83 219 203 205 186 136 237 83 221 203 62 255 50 162 204 201 175 50 162 204 201 205 12 149 205 120 144 205 72 148 205 81 149 42 207 205 17 19 0 25 195 239 149 205 124 135 50 0 205 205 12 149 42 207 205 17 46 0 25 58 0 205 119 195 32 150 205 251 148 205 56 148 205 18 172 205 103 136 205 26 148 205 18 172 205 179 136 237 75 19 204 205 61 83 34 19 204 195 52 111 237 91 177 197 213 175 87 29 205 164 158 205 18 172 205 103 136 209 90 175 87 205 164 158 24 211 205 25 132 205 10 135 197 205 15 135 225 58 181 197 185 218 87 178 101 105 44 34 177 197 124 50 57 202 62 255 50 176 197 201 205 10 135 197 205 225 64 193 97 58 179 197 111 34 177 197 34 179 197 124 50 57 202 62 24 148 50 182 197 62 255 50 176 197 201 205 101 161 24 3 205 153 68 58 182 197 103 62 23 148 79 56 11 58 179 197 111 38 0 62 3 205 215 121 205 106 161 205 33 125 201 205 153 68 205 106 161 42 179 197 34 177 197 62 255 50 176 197 33 26 199 1 26 202 62 32 195 228 96 205 184 117 205 236 143 205 73 115 205 82 68 205 76 69 17 0 0 205 164 158 205 35 172 205 18 81 175 50 245 204 62 5 79 195 1 68 205 12 149 62 2 24 19 205 12 149 62 128 24 12 205 12 149 62 0 24 5 205 12 149 62 1 8 205 92 150 8 119 201 205 182 148 205 12 149 205 72 148 17 4 205 33 187 204 205 1 152 17 19 205 33 192 204 205 1 152 195 81 149 205 63 135 205 12 149 205 72 148 33 187 204 24 12 205 71 135 205 12 149 205 72 148 33 192 204 17 4 205 205 1 152 195 81 149 205 251 133 205 89 135 205 12 149 205 72 148 205 130 148 195 81 149 205 50 135 24 236 205 198 148 205 108 147 195 223 111 205 198 148 205 60 147 17 174 211 33 190 211 205 1 152 205 189 154 33 174 211 17 183 211 205 1 152 205 189 154 17 190 211 205 169 153 205 46 157 195 223 111 195 73 115 237 75 219 203 205 133 83 254 63 237 67 19 204 202 52 111 96 105 205 105 83 194 52 111 205 190 83 34 19 204 195 52 111 195 250 114 195 114 114 205 1 136 205 12 149 33 96 205 203 254 205 110 150 195 73 146 205 1 136 33 39 205 17 4 205 205 1 152 235 205 189 154 17 34 205 235 205 1 152 205 12 149 33 96 205 203 254 17 34 205 33 4 205 205 1 152 205 82 150 17 44 205 195 235 146 205 1 136 33 44 205 17 4 205 205 1 152 235 205 189 154 17 34 205 235 205 1 152 205 12 149 33 96 205 203 254 17 34 205 33 4 205 205 1 152 205 77 150 17 39 205 195 235 146 205 251 148 17 9 0 42 207 205 25 17 174 211 235 205 1 152 17 121 165 205 189 154 195 223 111 205 251 148 17 14 0 24 228 205 251 148 17 4 0 24 220 62 255 50 245 204 201 175 50 245 204 201 205 12 149 205 149 143 62 255 50 234 204 195 62 140 205 12 149 175 50 234 204 195 62 140 205 12 149 62 255 50 105 204 195 8 138 205 12 149 175 50 105 204 195 8 138 195 123 151 205 193 133 237 83 41 204 213 205 124 135 245 33 111 204 237 91 41 204 213 229 205 150 83 237 83 19 204 205 103 136 205 20 135 225 113 35 209 205 145 83 32 232 1 143 204 241 209 205 199 96 40 11 237 91 41 204 237 83 19 204 195 87 178 205 84 151 17 111 204 6 32 26 205 89 161 35 19 16 248 201 205 124 135 205 84 151 229 205 162 136 237 83 41 204 205 103 136 225 62 32 245 205 95 161 35 229 95 22 0 205 164 158 205 35 172 237 91 19 204 237 75 41 204 205 12 83 197 205 162 136 193 205 78 83 237 83 41 204 225 241 61 32 213 17 0 0 205 78 83 195 55 111 205 124 135 245 205 124 135 205 84 151 241 229 205
fim

ap tudo 
tat
dt
mudecf 1
env
atr "block :size / :n
atr "i     0
repita :n 
[
 clean 
 atr "endi 
  :begin + :i * :block 
 atr "endf 
  :endi + :block - 1 
 dump :endi :endf 
 se :i < 10 
  [atr "si pal "0 :i] [] 
 se :i < 100 
  [atr "si pal "00 :i] [] 
 atr "file pal :prefix :si 
 esc sn "Saving :file 
 gravetudo :file 
 atr "i :i + 1]
fim

atribua "begin 16384
atribua "block 1024
atribua "dec 205
atribua "endf 18431
atribua "endi 17408
atribua "file "img001
atribua "i 1
atribua "n 32
atribua "prefix "img
atribua "si "001
atribua "size 32768

               
