ap clean 
defina :prefix [[] [.]]
fim

ap dump :endi :endf
se :endi > :endf [pare]
atr "dec .examine :endi
defina :prefix 
 lista 
  [] 
  sn 
   elemento 
    2 
    texto 
     :prefix 
   :dec
esc ( sn :endi 
         car :dec 
         :dec )
dump :endi + 1 :endf
fim

ap env 
atr "prefix "img
atr "begin  16384
atr "size   32768
atr "n      32
fim

ap grave 
env
el :prefix
elns
eliminearq "logodump
gravetudo  "logodump
fim

ap img 
. 203 190 35 229 62 1 205 213 0 167 225 40 4 203 246 24 4 203 182 203 190 35 229 62 2 205 213 0 167 225 40 3 203 246 201 203 182 203 190 201 33 52 205 203 190 58 47 205 60 50 47 205 254 60 32 6 175 50 47 205 203 246 35 229 237 75 248 243 42 13 213 183 237 66 225 237 67 13 213 40 3 203 246 201 203 182 203 190 201 203 63 203 63 95 175 87 205 164 158 205 35 172 195 162 100 237 75 19 204 197 58 51 205 205 89 88 193 237 67 19 204 205 201 100 195 177 100 94 35 126 167 87 237 83 19 204 201 6 48 221 33 125 125 197 229 221 229 17 9 212 6 128 205 78 93 205 85 90 221 225 225 1 128 0 9 193 16 231 201 6 48 221 33 96 125 197 229 221 229 17 9 212 6 128 205 78 93 205 252 88 221 225 225 1 128 0 9 193 16 231 201 1 128 0 237 176 201 235 1 128 0 237 176 235 201 229 213 197 42 216 211 1 137 212 205 199 96 40 16 126 35 34 216 211 50 172 197 175 58 172 197 193 209 225 201 205 252 88 40 224 24 242 229 197 205 103 90 14 20 205 183 89 40 14 205 173 89 62 255 50 61 203 62 13 50 172 197 183 193 225 201 229 213 197 221 229 42 216 211 119 35 34 216 211 1 137 212 205 199 96 204 85 90 221 225 193 209 225 201 205 139 89 194 158 89 195 132 178 205 139 89 40 3 195 135 178 205 252 88 192 205 230 91 175 50 61 203 201 58 10 197 183 202 138 178 58 215 211 183 202 227 137 201 205 82 89 33 222 211 54 0 35 6 11 229 54 32 35 16 251 205 112 133 205 102 172 225 6 8 229 197 205 113 172 193 225 192 58 172 197 119 35 16 241 201 205 97 89 14 15 205 183 89 33 234 211 54 0 33 254 211 54 0 201 14 22 205 183 89 194 227 137 201 205 173 89 195 227 137 14 16 24 6 14 17 24 2 14 18 17 222 211 205 125 243 183 201 17 112 197 237 83 35 243 33 64 164 1 41 0 237 176 62 255 50 215 211 17 9 212 14 26 195 125 243 14 27 30 0 205 125 243 245 235 183 237 82 241 213 229 111 62 8 149 183 40 7 203 56 203 25 61 24 246 197 205 36 178 193 225 197 205 7 90 205 33 178 193 225 229 80 89 205 164 158 209 33 190 211 205 167 158 33 174 211 17 190 211 205 189 154 24 45 205 165 100 205 165 100 33 10 212 6 11 126 50 172 197 229 197 205 117 91 193 225 35 16 242 205 165 100 17 9 212 14 35 205 125 243 33 42 212 94 35 86 205 164 158 205 35 172 205 247 99 195 177 100 14 21 205 183 89 40 11 205 173 89 14 19 205 183 89 195 141 178 33 9 212 34 216 211 6 128 54 32 35 16 251 201 58 49 205 183 32 101 58 96 205 230 127 40 94 205 222 87 33 52 205 6 24 203 126 32 4 203 118 32 5 35 16 245 24 73 197 229 126 230 31 50 49 205 33 223 203 61 203 39 133 111 48 1 36 94 35 126 183 225 193 32 5 50 49 205 24 219 87 203 254 203 182 213 205 88 136 205 69 136 205 139 136 33 0 0 34 67 204 34 23 204 225 205 203 107 175 50 49 205 205 232 136 205 217 136 205 20 137 205 231 90 200 195 144 178 229 33 169 204 52 225 58 168 204 183 201 205 117 90 195 156 0 58 172 197 50 73 204 253 42 170 197 253 233 229 42 66 203 124 181 40 21 43 34 66 203 42 62 203 126 35 34 62 203 50 172 197 175 58 172 197 225 201 62 255 50 61 203 62 13 50 172 197 167 225 201 229 213 197 221 229 253 229 42 220 211 237 75 218 211 205 199 96 40 20 126 35 34 220 211 50 172 197 175 58 172 197 253 225 221 225 193 209 225 201 58 213 211 183 40 13 62 255 50 61 203 62 13 50 172 197 183 24 229 205 62 137 24 200 205 156 0 40 251 195 159 0 245 205 231 90 40 7 58 28 202 183 202 144 178 241 253 42 139 203 253 233 229 213 42 64 203 237 91 11 197 205 205 96 202 129 178 119 35 34 64 203 209 225 201 42 64 203 237 91 11 197 195 205 96 229 213 197 221 229 253 229 42 218 211 119 35 34 218 211 1 9 213 205 199 96 32 3 205 155 137 253 225 221 225 193 209 225 201 229 33 109 91 197 237 75 170 197 24 9 229 33 40 122 197 237 75 139 203 183 237 66 193 225 201 229 33 215 88 24 20 175 50 61 203 229 33 4 91 24 10 229 33 46 91 24 4 229 33 109 91
fim

ap tudo 
tat
dt
mudecf 1
env
atr "block :size / :n
atr "i     0
repita :n 
[
 clean 
 atr "endi 
  :begin + :i * :block 
 atr "endf 
  :endi + :block - 1 
 dump :endi :endf 
 se :i < 10 
  [atr "si pal "0 :i] [] 
 se :i < 100 
  [atr "si pal "00 :i] [] 
 atr "file pal :prefix :si 
 esc sn "Saving :file 
 gravetudo :file 
 atr "i :i + 1]
fim

atribua "begin 16384
atribua "block 1024
atribua "dec 91
atribua "endf 23551
atribua "endi 22528
atribua "file "img006
atribua "i 6
atribua "n 32
atribua "prefix "img
atribua "si "006
atribua "size 32768

                                                                                  
